16  2  1  3  2661  2115  1751  713  246
16  3  2  5  2541  2438  1225  701  361
15  1  2  4  2667  1712  2490  686  341
21  0  2  5  2783  1352  2792  748  343
21  0  3  6  2763  1246  2915  860  308
20  0  3  7  2653  1315  2708  772  267
21  0  0  0  2724  1161  3008  718  269
21  1  0  0  2782  1520  2669  674  329
14  1  1  3  2616  1701  2211  731  351
23  3  2  5  2104  2440  790  670  249
14  1  1  2  2616  1392  2523  743  320
20  1  3  7  2723  1488  2597  775  339
21  1  1  2  2743  1721  2459  703  323
16  3  2  4  2517  2697  923  686  370
14  1  2  5  2604  1790  2268  624  338
15  1  2  5  2685  1833  2382  660  352
20  1  3  6  2700  1560  2483  666  347
14  1  1  3  2595  1781  2097  665  347
16  1  3  6  2703  1434  2598  822  356
21  0  3  7  2690  1289  2751  812  245
21  0  2  4  2773  1295  2849  746  330
21  1  0  1  2774  1600  2568  658  318
15  0  2  4  2665  776  3558  754  248
20  0  2  4  2703  800  3406  831  280
15  2  2  4  2725  1918  2187  638  345
20  1  0  0  2594  1314  2567  804  208
14  1  3  6  2621  1550  2586  757  344
15  1  0  1  2605  1731  2186  725  270
14  1  1  2  2622  1675  2255  697  334
20  0  0  1  2706  1303  2781  857  337
20  1  1  3  2598  1387  2585  801  204
16  3  1  3  2578  2603  1337  663  354
16  3  2  5  2557  2454  1231  672  366
14  1  1  3  2603  1412  2487  698  295
20  1  1  2  2677  1694  2396  765  294
15  0  0  1  2719  1380  2702  768  331
14  0  1  2  2690  951  2868  842  225
14  0  1  3  2823  1269  2724  737  351
22  3  3  6  2476  2572  1214  643  307
20  1  1  3  2719  1652  2503  786  361
23  0  1  2  2523  1009  2807  701  178
16  3  1  2  2572  2551  1372  694  371
14  1  2  4  2597  1795  2254  713  342
15  1  0  0  2667  1726  2298  733  313
16  2  0  1  2687  2483  1492  702  333
16  2  0  0  2777  2003  2130  713  349
20  1  2  5  2609  1708  2246  746  281
16  1  3  6  2637  1628  2293  816  295
14  0  3  6  2734  902  3293  913  253
14  1  3  6  2505  1776  2150  765  274
14  1  2  4  2607  1988  2068  707  364
21  1  1  3  2636  1509  2547  780  179
20  1  0  0  2660  1764  2180  727  319
15  1  2  4  2657  1433  2807  693  310
16  1  0  1  2652  1775  2358  717  304
15  2  1  2  2643  2156  1645  669  273
23  3  1  2  2117  2392  905  639  243
15  1  2  4  2574  1806  2242  694  267
17  0  3  6  2657  986  3191  848  276
14  1  1  3  2554  1644  2181  680  264
15  1  3  7  2668  1890  2333  723  358
20  1  0  1  2632  1554  2363  779  267
21  0  1  2  2655  1101  3071  764  228
15  1  1  3  2613  1759  2177  707  287
16  3  0  0  2505  2757  1119  661  338
15  1  0  1  2688  1677  2368  778  359
14  3  0  0  2553  2450  1306  639  369
21  1  1  3  2794  1555  2750  794  344
16  2  0  1  2643  2192  1736  705  242
20  1  3  7  2699  1832  2188  720  347
16  2  2  5  2725  2098  1669  701  337
23  0  0  1  2667  860  3280  787  260
14  2  2  5  2714  2019  2012  588  341
14  1  2  4  2586  1759  2274  736  335
16  2  1  2  2763  2260  1757  711  349
21  2  3  7  2864  2386  1943  697  335
21  1  3  7  2619  1823  2055  785  228
14  2  2  5  2564  2020  1801  651  215
15  1  2  4  2669  1847  2346  648  337
16  3  2  4  2490  2688  901  681  334
21  1  1  2  2600  1394  2617  725  129
16  3  2  4  2435  2760  746  729  331
14  1  2  5  2628  1660  2448  626  346
21  1  1  2  2706  1651  2498  705  283
16  2  3  7  2637  2161  1603  701  242
14  1  0  0  2580  1476  2444  679  281
15  1  3  6  2604  1906  2213  686  283
16  3  0  0  2545  2795  1150  654  366
20  1  2  4  2639  1659  2347  742  271
20  0  0  0  2732  832  3352  850  338
15  1  2  4  2520  1536  2464  698  185
15  1  0  1  2671  1521  2513  781  326
14  1  0  0  2555  1500  2373  678  279
16  2  2  5  2681  2171  1525  680  306
16  3  0  0  2432  2634  1134  695  250
20  1  2  5  2705  1861  2251  659  345
20  1  0  1  2544  1316  2483  866  163
21  1  0  0  2761  1631  2523  675  302
16  3  0  0  2560  2549  1425  663  329
15  0  2  4  2605  882  3328  776  182
16  3  3  7  2487  2487  1246  705  264
16  1  3  7  2680  1882  2106  704  350
15  0  1  3  2666  951  3105  807  268
14  1  1  2  2520  1693  2090  760  267
20  1  3  6  2704  1808  2220  639  335
20  1  0  1  2645  1654  2278  780  282
15  2  2  5  2641  2307  1631  642  288
15  1  0  0  2685  1664  2380  798  348
21  1  0  1  2607  1756  2139  682  194
15  1  3  6  2584  1906  2181  675  280
15  2  0  0  2686  2008  1878  728  262
21  1  1  3  2742  1595  2614  769  301
21  1  3  7  2621  1895  1979  733  235
20  1  0  0  2601  1732  2131  740  248
20  1  0  0  2666  1853  2088  772  335
16  2  3  6  2704  2469  1391  767  355
14  3  0  0  2450  2529  1071  653  290
16  3  1  3  2431  2584  1128  740  264
23  2  0  1  2317  2086  1402  693  330
16  2  3  6  2678  2042  1782  776  267
14  3  0  1  2464  2722  887  650  341
20  1  3  6  2664  1659  2321  653  315
22  3  2  4  2435  2916  972  685  325
20  1  2  5  2597  1671  2277  702  260
14  3  1  2  2483  2747  979  671  348
21  1  0  1  2753  1535  2612  657  301
15  1  0  1  2702  1563  2506  747  353
15  1  3  6  2551  1870  2160  707  236
14  1  1  2  2556  1488  2356  736  255
20  0  3  6  2643  1268  2736  692  251
15  0  0  0  2733  1021  3109  869  342
16  3  2  4  2491  2545  1048  713  302
20  1  0  1  2700  1630  2389  751  317
15  1  1  2  2581  1477  2430  732  224
16  3  2  4  2520  2710  919  672  361
16  2  3  7  2692  2100  1737  708  276
14  1  2  4  2603  1731  2342  709  339
14  1  1  3  2516  1555  2234  699  254
16  2  1  2  2651  2192  1671  740  246
16  1  2  4  2626  1609  2225  725  300
15  1  1  3  2517  1739  2054  793  213
16  2  0  0  2651  1865  2005  752  245
20  1  1  3  2612  1612  2384  784  228
15  0  2  4  2736  1206  3157  713  340
17  0  3  6  2614  1102  2992  812  235
16  0  3  7  2630  811  3107  860  229
16  2  2  4  2735  2013  1769  717  335
20  0  0  0  2715  1157  2957  785  327
15  1  3  6  2488  1914  2011  687  163
14  2  0  0  2651  2350  1399  631  345
23  3  0  0  2019  2088  1084  601  246
16  0  3  6  2666  805  3307  883  155
14  0  3  6  2652  917  3145  930  186
16  1  1  3  2547  1886  1986  734  226
16  3  1  3  2410  2639  1045  678  239
16  1  3  6  2617  1470  2433  837  275
16  3  2  5  2365  2447  957  733  191
14  3  0  1  2446  2410  1191  665  269
15  2  0  1  2669  1927  1928  742  288
14  1  1  2  2502  1379  2389  742  230
16  1  1  2  2699  1584  2515  790  342
15  1  0  0  2647  1649  2325  786  311
14  0  1  2  2649  927  2840  902  210
22  1  2  4  2693  1750  2347  704  336
20  1  2  4  2693  1585  2508  742  331
21  1  0  1  2657  1558  2448  708  219
16  3  0  1  2495  2925  929  674  354
16  3  3  6  2555  2653  1168  724  342
16  3  1  2  2480  2744  1047  724  325
20  0  1  2  2690  1320  2822  816  312
20  1  1  2  2686  1602  2500  806  307
20  1  2  4  2678  1859  2207  687  333
23  0  0  0  2728  1167  3020  710  354
21  0  2  5  2611  802  3136  872  166
15  1  1  3  2625  1511  2464  730  259
21  1  1  2  2705  1789  2315  666  279
20  1  1  3  2603  1955  2024  793  262
20  0  1  2  2652  916  3181  874  253
16  3  1  2  2550  2749  1145  685  355
16  1  0  0  2691  1659  2542  729  358
23  2  1  3  2331  1924  1575  665  350
15  0  2  4  2739  838  3607  775  289
14  0  0  0  2691  1224  2657  743  226
16  2  2  5  2765  1980  1844  691  353
16  3  2  4  2533  2663  977  668  363
16  2  2  4  2655  2274  1374  698  324
15  1  3  7  2699  1556  2733  733  358
20  1  0  1  2675  1740  2228  792  340
16  3  3  7  2483  2811  918  751  344
14  1  2  5  2551  1760  2230  616  301
20  1  2  4  2561  1583  2312  737  201
21  1  3  7  2698  1709  2298  746  291
14  1  0  0  2639  1420  2606  690  352
21  1  2  4  2662  1826  2061  680  258
21  3  1  3  2512  2889  953  687  354
15  1  1  2  2548  1651  2175  741  229
16  3  1  3  2455  2601  1149  698  278
14  0  3  6  2836  994  3345  887  346
20  1  1  2  2701  1715  2421  786  339
15  2  2  4  2645  2217  1738  649  307
14  2  2  5  2649  2140  1791  625  326
15  2  1  3  2705  2218  1666  737  344
16  3  1  3  2460  2536  1217  689  278
17  0  2  4  2675  880  3326  704  298
16  2  2  5  2699  2305  1408  673  361
17  0  0  0  2576  1144  2801  772  200
21  1  2  4  2714  1671  2303  734  295
20  0  1  2  2706  1166  3003  859  331
14  0  1  2  2680  1014  2786  817  214
17  0  1  2  2622  1373  2829  681  275
14  1  0  0  2626  1470  2535  725  343
14  0  2  4  2823  1083  3097  812  336
17  0  2  4  2670  1040  3151  725  309
20  1  3  6  2688  1665  2344  679  329
16  3  0  1  2483  2630  1209  692  274
15  1  3  6  2690  1657  2613  712  359
14  1  3  6  2542  1752  2244  756  285
16  3  0  1  2509  2812  1061  707  338
22  3  3  6  2504  2663  1136  636  338
16  0  3  7  2780  856  3279  822  366
16  1  3  6  2635  1728  2192  770  304
14  0  0  0  2733  1249  2706  726  259
14  2  1  2  2739  1967  1954  708  357
15  1  3  6  2696  1757  2516  711  363
15  1  3  7  2720  1540  2791  748  368
17  0  3  6  2585  1098  2944  851  228
23  1  2  4  2488  1258  2444  696  217
22  3  3  7  2470  2400  1370  639  272
14  1  2  5  2569  1964  2063  587  315
23  2  3  6  2651  2087  1833  728  295
15  2  1  2  2725  2021  1914  725  336
15  1  2  4  2589  1861  2205  644  262
17  0  3  6  2671  1024  3173  858  303
23  0  0  0  2724  1040  3160  731  331
15  2  2  4  2578  2283  1555  633  238
16  1  1  2  2607  1424  2546  773  247
15  1  3  7  2569  1648  2425  743  242
20  1  1  3  2643  1980  2064  732  277
21  0  2  5  2611  1009  2906  856  183
16  2  3  6  2733  2302  1594  756  334
14  1  2  4  2516  1617  2327  740  238
16  3  0  0  2504  2542  1149  625  345
20  1  1  2  2651  1811  2240  796  302
16  1  0  0  2677  1601  2578  756  335
15  1  0  1  2640  1642  2332  779  297
20  1  2  4  2667  1852  2187  696  291
20  1  1  3  2677  2020  2071  733  331
22  3  3  7  2498  2467  1338  646  315
15  0  0  1  2627  968  3001  883  225
15  2  3  7  2607  2027  1937  712  219
20  1  1  3  2561  1763  2152  754  202
20  1  0  1  2698  1671  2341  763  308
21  1  0  1  2640  1799  2149  676  229
16  1  1  3  2635  1893  2102  708  330
16  2  2  5  2726  1953  1820  693  336
16  0  3  7  2662  837  3124  823  241
14  1  2  4  2425  1798  2004  761  204
20  0  1  3  2724  846  3361  881  335
14  1  1  2  2586  1575  2319  719  311
15  1  0  1  2664  1619  2388  787  318
16  3  0  0  2431  2388  1379  695  230
21  1  0  1  2776  1607  2576  681  325
14  0  1  2  2652  993  2766  810  173
16  2  3  6  2731  1986  1911  768  333
20  1  0  1  2610  1661  2217  831  246
15  1  2  5  2588  1727  2309  716  259
15  1  3  7  2671  1510  2745  738  314
16  1  1  2  2598  1789  2156  740  254
21  0  3  7  2726  858  3291  857  261
14  3  2  4  2332  2803  839  694  207
16  1  0  1  2690  1539  2671  758  329
21  1  0  1  2749  1429  2734  686  297
21  0  2  4  2778  1260  2892  761  331
16  3  0  0  2435  2688  1072  705  252
16  2  3  7  2751  1985  1940  687  316
21  0  1  3  2624  1264  2817  829  204
15  1  0  1  2696  1570  2489  758  347
16  2  0  1  2610  2296  1554  718  261
20  1  2  4  2689  1395  2715  733  304
16  3  1  2  2364  2603  1012  716  159
17  0  2  4  2541  799  3200  744  166
21  1  1  3  2612  1731  2237  785  205
15  1  1  2  2518  1586  2207  754  190
20  1  0  1  2587  1842  1982  774  240
17  0  1  2  2661  1391  2874  712  326
21  0  1  3  2680  977  3252  895  245
20  1  2  4  2611  1395  2575  748  240
20  1  0  1  2636  1660  2256  778  260
20  1  0  1  2704  1529  2509  784  326
14  0  3  6  2757  1258  2898  860  300
20  1  3  7  2641  1771  2168  727  273
14  0  3  6  2681  805  3319  929  193
22  3  2  5  2423  2946  901  698  298
14  1  2  4  2479  1504  2382  750  191
15  2  3  7  2683  2372  1694  668  314
16  0  0  0  2628  1211  2877  790  236
14  1  1  3  2497  1463  2295  719  212
20  0  3  6  2610  896  3104  744  200
15  0  2  5  2607  1018  3178  773  189
21  1  3  6  2714  1849  2175  767  309
15  1  3  6  2683  1715  2546  697  348
16  2  3  6  2572  2307  1348  796  220
16  3  1  2  2313  2765  772  744  190
14  3  0  0  2457  2658  948  614  296
20  1  1  3  2659  1687  2387  752  270
14  2  3  6  2663  2139  1786  746  302
16  2  2  5  2710  2008  1737  714  310
16  1  1  2  2673  1868  2187  723  342
15  2  2  4  2606  2270  1604  671  304
16  0  3  7  2697  843  3170  809  265
20  1  3  6  2655  1529  2442  686  302
15  2  0  1  2622  1973  1801  745  248
14  2  2  4  2621  2100  1794  695  271
16  2  0  0  2600  2170  1680  703  228
16  3  1  3  2428  2650  1060  714  281
21  0  2  4  2805  911  3308  807  344
17  0  1  3  2583  1124  3048  766  239
21  1  0  1  2585  1848  1999  668  170
21  1  0  0  2688  1892  2120  698  291
14  0  1  3  2711  815  3029  870  243
15  2  3  6  2692  2584  1487  652  356
16  1  3  7  2589  1783  2057  713  291
16  2  1  3  2680  2128  1768  685  272
21  1  3  6  2700  1741  2266  749  287
17  0  0  0  2687  1348  2761  732  312
15  0  3  7  2687  1182  3094  789  284
23  0  1  2  2817  906  3090  822  330
14  1  2  5  2558  1642  2362  626  291
20  0  2  4  2630  1094  2978  850  244
16  1  3  7  2561  1374  2434  753  197
21  0  3  7  2748  1017  3149  859  300
21  1  2  5  2546  1479  2259  786  122
20  1  2  4  2636  1821  2181  736  288
15  2  0  1  2618  1950  1823  747  239
21  1  2  4  2726  1535  2476  762  311
14  1  0  0  2487  1736  2024  738  262
21  0  3  7  2702  975  3133  819  235
15  1  3  7  2692  1647  2632  747  332
22  3  3  7  2464  2632  1109  624  312
14  1  3  6  2563  1813  2213  779  353
15  1  3  7  2642  1768  2418  722  320
15  0  2  4  2583  1164  2962  717  161
21  1  3  6  2637  1683  2230  810  212
21  1  1  2  2667  1623  2449  708  246
20  1  1  2  2718  1459  2702  819  330
20  2  3  6  2727  1942  1994  642  211
15  1  0  1  2562  1498  2362  816  217
20  1  2  5  2656  1704  2334  671  306
15  2  3  6  2689  2200  1894  677  316
16  2  3  6  2760  1953  1983  752  327
21  1  2  5  2677  1458  2496  785  249
21  1  3  6  2658  1810  2128  788  243
16  0  3  7  2624  1308  2566  764  233
15  2  0  1  2686  1938  1934  742  283
21  2  1  2  2647  2290  1506  656  297
20  1  0  0  2709  1391  2664  783  318
21  1  0  0  2697  1880  2150  676  263
16  2  0  1  2632  2371  1516  736  261
20  1  0  1  2630  1755  2149  768  265
15  2  1  3  2509  2104  1492  729  165
14  0  2  4  2742  1101  2965  776  249
17  1  0  0  2847  1722  2437  721  333
20  1  1  3  2563  1941  1987  730  219
15  1  2  5  2642  1388  2829  691  287
20  1  1  2  2625  1563  2460  785  233
16  0  0  0  2654  1185  2951  772  245
20  0  2  5  2707  1315  2856  701  299
20  1  1  2  2624  1786  2233  810  279
20  1  3  7  2555  1456  2371  758  161
21  1  0  1  2764  1722  2436  683  327
20  1  2  4  2695  1540  2569  743  330
16  1  0  0  2575  1904  2089  714  244
16  1  3  6  2627  1780  2125  802  293
21  1  2  5  2716  1741  2225  730  301
15  2  0  1  2683  2438  1424  686  341
16  3  1  2  2418  2740  954  718  250
15  2  2  5  2700  1950  2121  643  335
16  2  2  4  2707  2240  1478  691  336
14  0  1  2  2804  1301  2671  741  336
15  1  1  2  2704  1416  2690  726  338
15  1  2  5  2566  1561  2506  760  224
14  1  2  5  2499  1406  2523  638  205
14  1  2  4  2507  1593  2338  742  258
20  1  2  4  2698  1713  2397  726  321
16  1  2  5  2707  1479  2480  753  348
14  0  1  2  2810  1147  2840  775  329
16  2  3  6  2713  2105  1754  754  294
16  0  2  4  2711  863  3132  849  281
21  1  2  4  2720  1349  2667  738  271
14  1  1  2  2582  1792  2100  706  299
14  0  1  2  2699  1230  2598  776  219
20  0  0  1  2660  1061  2976  838  259
15  1  0  0  2625  1588  2359  763  288
16  3  2  5  2430  2266  1235  725  208
23  0  2  5  2624  993  2949  719  230
16  1  1  2  2523  1401  2441  783  161
14  0  0  1  2720  827  3161  807  210
20  0  3  6  2669  1245  2809  700  272
21  1  0  0  2752  1573  2569  705  314
21  0  2  4  2715  1001  3073  789  255
20  1  1  3  2554  1810  2095  784  213
21  1  2  5  2604  1698  2270  669  241
20  1  2  4  2669  1871  2181  714  314
16  3  0  0  2452  2410  1396  679  231
14  2  2  4  2549  1985  1802  719  207
15  2  2  5  2667  2235  1752  639  306
20  0  3  7  2749  1016  3184  820  337
21  1  0  0  2689  1691  2351  683  248
16  1  0  0  2676  1609  2567  720  318
16  3  0  1  2428  2654  1095  702  254
16  2  3  6  2711  2389  1464  740  346
16  0  0  0  2758  853  3484  829  338
21  1  1  3  2705  1843  2260  780  284
21  1  2  5  2764  1547  2522  743  326
16  2  3  6  2717  2408  1460  731  330
20  1  3  6  2671  1926  2045  623  312
16  3  0  0  2470  2517  1302  679  270
15  1  3  7  2635  1463  2740  738  274
15  1  2  5  2596  1426  2716  709  237
22  3  3  6  2454  2593  1116  660  297
15  1  0  0  2594  1846  2038  746  279
20  0  1  2  2691  1273  2872  861  324
21  0  2  4  2740  929  3198  786  264
20  1  1  3  2698  1825  2301  738  335
15  2  0  0  2729  2139  1789  698  331
16  0  1  2  2640  1268  2702  783  249
17  0  1  3  2586  842  3366  751  215
20  1  1  3  2668  1432  2653  831  287
16  3  0  1  2535  2850  1068  670  362
16  2  1  3  2742  2245  1739  687  351
15  1  3  7  2617  1596  2561  732  249
21  0  0  1  2694  816  3385  765  229
16  3  2  5  2474  2566  984  713  305
17  0  1  3  2671  981  3347  746  302
15  1  1  3  2674  1547  2505  746  321
21  1  1  2  2647  1635  2406  700  224
16  2  2  4  2723  1871  1903  709  303
21  1  3  7  2739  1764  2308  756  313
20  1  0  0  2602  1648  2211  731  228
21  1  0  1  2700  1739  2310  661  275
14  1  1  2  2641  1434  2549  727  340
15  2  0  0  2633  2349  1440  692  286
20  0  2  4  2639  1230  2849  776  250
16  0  3  7  2713  1284  2734  777  325
16  3  3  6  2431  2782  866  844  323
14  1  3  6  2466  1666  2215  765  211
15  2  1  3  2684  2149  1713  713  312
16  0  3  7  2623  1297  2595  792  221
21  1  0  1  2694  1785  2256  665  286
15  1  3  6  2614  1658  2496  702  274
20  1  0  1  2655  1708  2237  772  314
20  1  2  5  2613  1759  2214  661  248
21  1  2  4  2759  1479  2595  706  317
14  1  0  0  2409  1679  1965  714  161
21  1  0  1  2675  1802  2201  666  251
16  2  2  4  2727  2238  1521  682  342
14  3  1  3  2430  2615  1029  638  287
16  3  3  6  2480  2464  1243  758  259
15  1  2  4  2592  1509  2606  700  238
20  1  0  1  2708  1731  2285  755  344
20  1  3  7  2480  1772  1914  780  141
20  0  2  5  2616  1344  2676  718  241
16  2  0  1  2760  2143  1947  704  345
17  0  3  6  2701  1217  3008  778  296
21  1  3  6  2701  1878  2145  647  343
16  1  1  3  2510  1846  1963  727  177
21  0  2  5  2752  1021  3113  837  302
15  1  3  7  2613  1800  2343  724  297
14  0  0  0  2801  1187  2873  716  304
15  2  3  6  2678  2144  1923  671  288
15  0  0  1  2663  1337  2652  780  269
16  0  3  6  2679  1349  2611  816  298
16  1  2  5  2634  1396  2460  765  275
16  0  3  6  2658  1012  2933  865  249
16  2  1  2  2657  1983  1881  739  250
15  2  1  2  2722  2011  1915  702  336
16  3  2  5  2372  2630  772  718  224
14  1  0  0  2594  1542  2403  687  316
20  1  0  1  2593  1572  2286  831  218
21  1  0  0  2745  1950  2152  683  336
21  1  3  7  2647  1634  2294  773  227
21  0  1  3  2639  912  3267  901  212
21  1  2  4  2745  1539  2496  705  310
14  1  3  6  2549  1421  2650  805  302
15  1  0  1  2669  1722  2287  747  331
21  1  0  1  2720  1461  2662  660  258
15  1  2  4  2603  1788  2315  672  297
14  1  2  4  2608  1572  2516  754  335
16  2  1  3  2736  2511  1465  654  351
16  3  1  3  2419  2578  1110  705  237
20  1  2  4  2697  1488  2623  779  330
20  0  0  1  2635  1003  3009  863  235
16  3  1  2  2498  2510  1301  691  307
16  3  2  5  2470  2299  1260  705  260
21  0  3  7  2682  1380  2657  797  258
16  0  3  7  2731  929  3134  835  318
20  1  3  6  2626  1423  2517  693  249
16  2  0  1  2626  2201  1678  740  223
21  0  2  4  2702  930  3133  823  246
20  0  0  1  2717  1136  2997  813  324
15  1  0  1  2559  1674  2169  755  226
16  3  0  1  2540  2829  1093  699  364
16  2  2  5  2709  1851  1906  724  290
14  1  2  4  2535  1633  2343  724  245
20  0  0  0  2684  1192  2878  803  293
16  3  0  0  2396  2838  866  723  270
21  1  1  3  2644  1503  2565  809  206
21  1  3  7  2711  1790  2235  737  303
17  0  1  3  2683  937  3415  753  311
21  1  1  3  2640  1714  2310  811  237
15  1  3  7  2542  1897  2119  746  215
17  0  1  3  2552  1083  3034  781  210
15  1  0  0  2559  1382  2487  803  207
20  0  1  3  2665  1098  3016  839  271
21  0  2  4  2712  1295  2747  748  276
15  2  1  3  2594  2034  1697  701  232
14  1  3  6  2559  1598  2455  768  293
20  1  1  2  2709  1747  2398  766  313
15  0  0  0  2663  1262  2733  795  270
14  1  3  6  2552  1876  2132  770  315
16  1  1  2  2669  1827  2223  750  329
15  1  1  3  2675  1826  2197  729  351
23  0  1  2  2675  984  3063  727  309
16  0  0  0  2770  886  3463  816  343
21  0  0  1  2679  1270  2834  698  218
16  2  0  1  2656  2422  1507  713  306
23  3  1  3  2148  2316  1037  607  247
21  1  1  2  2746  1676  2524  672  298
16  0  1  3  2700  978  3092  811  294
15  1  3  7  2504  1603  2376  768  176
16  2  2  5  2696  2085  1630  695  314
14  1  2  5  2589  1745  2317  610  319
21  1  1  2  2763  1620  2616  678  319
15  2  3  7  2630  2287  1706  676  256
16  0  3  7  2677  1255  2710  752  261
16  2  2  5  2747  2031  1758  680  339
15  2  2  4  2623  1900  2052  683  235
21  1  0  1  2723  1827  2254  662  309
14  0  3  6  2808  1168  3103  819  323
14  3  0  0  2430  2399  1176  639  267
21  1  0  1  2623  1625  2315  678  172
16  2  1  3  2671  1940  1945  718  249
15  2  1  2  2558  2187  1484  712  233
14  1  2  5  2466  1825  2046  634  231
14  3  3  6  2428  2747  922  716  307
15  0  2  4  2753  1156  3270  723  331
15  1  0  1  2592  1560  2337  768  228
22  3  0  0  2359  3019  842  787  284
15  1  0  0  2612  1452  2483  801  271
15  1  2  5  2566  1657  2396  701  225
21  1  3  6  2586  1710  2129  812  186
14  1  2  5  2498  1654  2262  620  243
20  1  3  6  2594  1597  2271  707  229
15  1  2  4  2581  1661  2419  681  242
21  1  1  3  2614  1376  2655  846  172
15  1  2  4  2697  1419  2886  686  331
15  1  2  4  2693  1494  2805  678  344
16  2  0  1  2676  2423  1525  690  293
20  0  0  0  2715  1009  3125  789  288
15  1  0  0  2542  1616  2198  776  210
14  0  2  5  2674  836  3137  736  178
21  1  3  6  2709  1855  2157  784  317
21  0  0  0  2709  1045  3135  722  255
21  1  3  6  2600  1768  2089  803  205
21  1  0  1  2706  1840  2210  654  287
16  1  1  2  2688  1613  2472  765  334
15  0  0  0  2586  1297  2579  836  206
20  1  1  2  2670  1698  2379  787  291
21  1  1  2  2641  1722  2300  695  224
20  1  0  1  2616  1637  2256  802  277
16  3  3  7  2411  2737  888  704  273
16  3  0  1  2516  2771  1112  698  360
16  3  3  6  2417  2456  1157  800  229
15  1  2  4  2641  1583  2600  669  277
20  1  2  5  2705  1568  2552  683  332
20  1  2  5  2664  1525  2539  685  270
16  3  2  5  2550  2519  1152  716  356
14  0  1  3  2814  939  3055  759  321
21  0  0  0  2686  965  3183  762  227
14  3  2  5  2421  2948  838  582  319
15  0  3  7  2695  1114  3191  778  285
16  2  3  7  2751  2255  1662  679  344
20  1  3  7  2666  1773  2191  769  339
15  1  3  7  2701  1802  2485  709  355
14  1  2  4  2577  1941  2094  701  330
14  1  2  5  2538  1796  2183  637  287
16  2  3  6  2772  2098  1851  755  353
14  3  3  6  2342  2754  782  697  198
15  2  2  4  2621  2092  1830  657  277
16  1  3  6  2533  1718  2048  811  247
15  1  0  0  2606  1753  2159  743  280
14  0  1  3  2740  897  2994  819  274
20  1  2  4  2642  1767  2243  715  289
16  3  0  0  2512  2666  1218  671  333
16  1  0  0  2616  1903  2155  728  301
14  0  1  3  2831  971  3038  773  331
23  3  2  4  2199  2271  1130  652  273
20  1  0  0  2715  1668  2369  752  335
16  3  0  0  2477  2657  1176  678  285
15  1  3  6  2683  1672  2584  713  333
15  2  3  7  2678  2209  1861  697  294
22  3  2  5  2453  2532  1230  677  278
22  3  1  2  2440  2991  969  695  349
21  0  1  3  2761  1302  3007  795  306
15  2  2  4  2650  2048  1935  667  297
20  1  1  2  2576  1676  2265  780  186
16  2  0  0  2731  2181  1871  697  333
21  0  3  7  2706  974  3133  880  266
14  2  2  5  2656  2101  1848  584  312
16  1  3  6  2672  1786  2185  792  345
20  0  3  7  2682  999  3096  856  287
15  2  2  4  2666  2059  1934  669  326
15  1  0  1  2547  1757  2072  782  216
16  1  1  3  2701  1716  2386  735  346
16  0  3  6  2611  1086  2787  856  172
16  0  3  7  2662  1086  2865  795  251
17  0  1  3  2563  852  3316  783  206
20  1  2  4  2681  1520  2570  750  316
21  0  2  5  2760  1223  2908  754  303
20  0  3  6  2654  924  3141  734  242
14  1  0  0  2597  1630  2318  704  346
15  0  3  7  2729  1190  3152  776  332
21  0  3  6  2739  1157  2987  868  295
15  0  0  0  2663  1272  2728  807  276
15  2  3  7  2575  2215  1691  691  200
16  2  1  3  2672  2381  1506  700  300
16  0  0  0  2759  851  3483  823  347
15  0  2  4  2688  855  3510  757  260
16  3  3  7  2342  2585  929  740  200
16  3  0  1  2456  2631  1168  689  270
20  0  0  1  2579  1224  2683  837  184
22  3  2  5  2378  2642  1100  743  230
21  1  0  1  2734  1892  2195  665  329
21  1  3  7  2681  1670  2318  762  262
21  1  3  7  2661  1594  2371  766  213
14  1  1  3  2573  1645  2230  710  284
21  0  0  0  2750  1367  2838  698  303
21  0  2  5  2776  1291  2852  766  329
21  0  1  3  2691  1117  3067  867  255
21  0  3  6  2756  1039  3139  880  290
14  1  3  6  2536  1868  2111  743  303
16  1  1  3  2514  1376  2416  708  220
16  1  1  3  2636  1807  2188  719  276
15  2  0  1  2729  2023  1911  738  344
20  1  1  2  2573  1740  2204  814  217
15  2  0  1  2620  2179  1569  769  283
