16  2  3  6  2787  2532  1439  731  305
23  3  0  1  2131  2340  1017  624  274
15  0  0  0  2792  1090  3125  820  281
23  3  0  1  2104  2422  878  644  282
23  2  3  7  2345  1985  1471  619  280
14  0  3  6  2962  961  3589  868  339
16  1  0  1  2729  1499  2773  761  283
23  2  1  3  2325  2008  1474  662  273
21  1  2  5  2851  1686  2509  733  320
14  1  0  1  2675  1562  2483  699  274
15  2  3  6  2818  2156  2124  675  309
15  2  0  1  2832  2383  1690  692  353
14  1  1  3  2712  1637  2414  699  349
16  2  3  7  2853  2376  1688  673  362
21  1  3  6  2775  1712  2401  796  235
16  2  0  0  2842  2045  2178  717  288
23  2  3  7  2376  1976  1531  616  335
14  1  0  1  2669  1397  2649  760  303
23  2  0  1  2438  2151  1529  641  322
15  2  1  2  2784  2062  1954  670  277
16  3  1  2  2610  3048  943  678  360
23  0  3  7  2607  772  3186  713  161
14  1  1  2  2660  1572  2409  725  291
23  1  2  4  2534  1434  2329  679  200
23  3  0  0  2044  2112  1109  626  184
23  0  1  2  2806  917  3338  730  324
23  3  2  4  2291  2442  1082  634  279
21  1  1  3  2761  1537  2709  768  174
21  1  3  6  2753  1785  2293  770  240
16  3  3  7  2643  2902  1063  680  370
23  1  2  4  2609  1409  2467  688  269
16  2  0  0  2797  2186  1968  691  271
16  3  2  5  2656  2693  1135  650  369
14  3  0  0  2564  2772  988  631  316
14  1  0  1  2743  1591  2559  719  351
16  3  3  6  2528  2511  1272  756  202
23  1  0  1  2619  1387  2614  739  264
16  2  2  5  2796  2415  1425  680  337
14  1  2  5  2697  2045  2161  610  356
23  3  2  5  2273  2349  1154  569  250
16  1  3  6  2754  1466  2636  822  296
23  1  1  3  2552  1433  2402  675  224
21  1  0  1  2859  1994  2265  631  338
15  0  1  3  2701  962  3145  857  189
23  3  0  0  2028  2152  1035  617  151
14  1  3  6  2601  1792  2269  736  226
20  1  2  5  2822  1568  2735  683  314
20  1  3  7  2644  1606  2346  748  180
20  1  3  6  2822  1616  2607  669  343
23  2  3  7  2426  1825  1763  616  346
15  2  0  0  2816  2206  1857  728  315
14  1  2  4  2636  1844  2267  719  288
15  2  0  0  2809  2068  1992  738  278
17  0  1  2  2645  1209  3059  698  174
16  2  0  0  2847  2470  1747  671  345
23  2  0  1  2435  1971  1715  653  326
17  0  1  2  2604  1288  2907  694  158
16  0  1  2  2701  1175  2885  802  213
23  3  1  2  2275  2478  1072  620  339
14  3  1  2  2532  2628  1167  633  244
20  1  2  4  2791  1927  2312  715  348
23  2  0  0  2380  2147  1432  580  282
23  3  0  1  2203  2267  1189  635  364
15  2  0  0  2773  2476  1520  676  317
15  2  2  4  2656  2153  1820  638  168
20  1  0  1  2824  1708  2495  772  341
21  0  2  5  2813  977  3269  810  236
15  1  2  4  2702  1725  2544  672  244
16  1  0  1  2815  1661  2737  741  354
23  1  0  1  2718  1634  2500  680  368
23  2  0  1  2400  2258  1346  627  314
20  1  3  7  2676  1893  2089  743  240
23  2  3  7  2427  1717  1880  622  358
20  1  2  4  2624  1905  2072  703  193
23  2  3  7  2291  1664  1734  618  191
21  0  3  6  2784  1004  3216  829  214
14  1  1  2  2756  1578  2546  708  363
16  0  1  3  2835  933  3350  796  309
20  1  0  0  2764  1614  2501  774  304
23  3  1  2  2207  2380  1061  621  255
16  2  1  3  2855  2051  2102  712  337
17  0  0  1  2632  950  3112  848  145
23  3  1  2  2199  2355  1082  633  213
16  3  1  3  2460  2728  1035  677  167
23  3  1  3  2244  2424  1075  632  290
15  2  3  7  2793  2619  1605  655  351
23  2  3  7  2267  2049  1279  642  231
20  0  0  1  2742  1126  3039  873  259
21  1  1  3  2851  1957  2381  745  330
20  1  1  2  2712  1694  2454  765  217
21  1  3  7  2751  1741  2345  778  234
23  0  1  2  2774  1157  3029  688  300
15  0  0  1  2797  1009  3209  825  264
22  3  3  7  2548  2697  1188  629  313
23  3  0  1  2119  2531  789  638  316
23  0  0  1  2763  980  3291  777  234
23  2  2  4  2470  1888  1767  675  329
23  3  0  1  2154  2260  1122  662  333
23  3  0  1  2176  2279  1144  660  337
16  2  1  3  2727  2313  1659  691  243
14  1  1  3  2558  1893  1954  711  232
16  3  2  4  2623  2720  1062  666  352
21  1  2  5  2681  1706  2496  623  303
23  1  0  0  2649  1640  2377  619  324
15  2  0  1  2788  2310  1710  714  332
20  1  0  1  2665  1887  2055  756  212
21  1  3  6  2751  1789  2296  782  227
23  2  1  3  2353  2030  1481  635  264
23  2  0  0  2730  2430  1621  672  245
15  1  2  5  2648  1553  2653  718  192
23  1  2  5  2622  1327  2577  648  287
23  3  1  2  2290  2525  1041  600  311
23  1  2  5  2682  1451  2536  627  340
21  1  3  7  2822  1846  2336  710  296
16  2  0  1  2755  2392  1688  699  259
20  1  3  6  2760  1637  2489  670  289
15  0  2  5  2699  1297  3002  706  177
15  2  3  7  2756  2529  1647  646  292
14  1  1  2  2699  1542  2519  732  310
23  1  1  2  2652  1575  2389  669  340
20  0  1  2  2675  869  3269  889  180
23  1  0  1  2675  1430  2655  709  309
23  3  2  4  2189  2477  894  671  181
23  3  0  1  2099  2369  920  629  273
15  1  0  1  2672  1761  2252  748  239
14  1  0  1  2631  1549  2455  700  244
14  1  2  5  2700  1708  2522  644  349
21  1  1  3  2855  1463  2948  780  283
23  3  0  0  2147  2423  955  608  337
16  0  3  6  2871  925  3349  876  353
15  1  3  7  2612  1897  2237  731  201
16  1  3  7  2600  1779  2081  721  163
16  3  1  2  2543  2701  1185  677  250
23  3  2  5  2234  2611  829  622  270
20  1  3  6  2700  1653  2383  654  230
23  1  1  2  2587  1644  2225  636  238
20  0  1  3  2701  938  3230  852  213
22  3  0  0  1985  2386  720  639  156
21  1  3  6  2831  1497  2727  802  274
23  1  0  0  2614  1723  2240  633  308
23  3  0  1  2154  2408  977  620  327
16  2  0  1  2740  2061  2015  714  206
16  2  2  4  2689  2329  1371  695  243
16  0  3  7  2726  1346  2680  776  206
14  3  2  5  2503  2948  958  562  257
20  0  0  0  2808  1359  2885  805  333
21  0  1  3  2853  875  3660  889  299
23  2  2  5  2458  2091  1550  600  339
17  0  2  4  2697  959  3273  747  235
21  0  3  7  2897  989  3411  830  321
15  2  1  2  2799  1993  2052  686  300
23  2  2  5  2343  2005  1459  594  201
16  1  2  4  2694  1871  2031  723  284
14  0  2  5  2742  957  3111  725  110
15  2  1  2  2796  2485  1518  639  352
20  1  0  0  2771  1951  2150  736  327
16  2  0  1  2820  2305  1880  684  316
16  2  2  5  2751  2345  1439  693  316
23  3  2  4  2251  2441  1039  676  256
21  1  2  4  2870  1734  2477  723  333
15  1  0  0  2719  1832  2254  745  289
23  3  1  2  2186  2573  848  627  216
14  0  1  2  2856  841  3228  808  265
15  2  1  2  2812  2147  1893  706  343
16  2  2  4  2672  2048  1638  696  192
16  3  3  7  2569  2801  1057  662  282
21  0  3  6  2915  1177  3238  803  339
23  3  1  3  2300  2350  1250  599  325
17  1  3  6  2915  1557  2784  751  282
15  2  3  7  2772  2350  1861  678  298
20  1  3  6  2796  1734  2436  652  338
23  2  3  7  2274  2072  1289  630  250
14  1  0  1  2614  1673  2291  719  244
20  1  0  1  2827  1789  2408  753  337
14  1  2  5  2611  1455  2634  654  247
16  3  3  7  2605  2839  1065  655  315
15  1  3  6  2622  1652  2506  734  169
15  1  3  6  2681  1654  2600  713  238
23  3  0  0  2060  2444  791  613  246
16  3  3  6  2620  2641  1289  737  317
15  1  3  6  2736  1972  2352  681  321
23  2  2  5  2413  2019  1549  618  276
21  1  3  7  2809  1930  2236  740  302
15  1  3  7  2719  1860  2435  738  295
23  1  3  7  2403  1706  1859  631  248
16  2  1  3  2737  1963  2023  710  212
23  0  0  0  2842  1296  3055  668  337
15  1  0  1  2698  1620  2446  784  254
16  3  1  3  2670  2824  1251  655  373
21  1  0  1  2782  1650  2534  665  236
23  1  0  1  2615  1576  2407  713  268
23  3  0  0  2171  2423  984  574  332
23  0  0  0  2697  1276  2940  681  190
16  3  3  6  2522  2866  921  748  258
14  1  0  1  2693  1821  2249  688  335
20  0  3  7  2749  1055  3148  811  233
20  1  1  2  2762  1884  2339  769  288
14  0  1  3  2817  970  3027  775  229
16  0  1  2  2775  1360  2813  820  297
16  3  2  4  2540  2617  1038  687  279
23  1  1  2  2575  1369  2505  679  243
14  1  2  5  2635  1683  2450  629  243
23  2  1  3  2418  2087  1534  658  356
23  2  0  0  2428  2028  1650  592  316
20  1  0  1  2662  1656  2306  762  184
23  2  2  4  2336  2068  1387  640  192
17  0  3  6  2795  1035  3358  807  320
21  1  3  6  2846  1707  2523  790  302
21  0  1  3  2824  953  3521  859  271
23  1  1  3  2669  1510  2504  684  323
23  3  2  4  2329  2526  1070  613  312
20  0  1  3  2750  865  3387  848  239
21  2  1  3  2411  2018  1586  622  335
23  3  2  4  2303  2408  1155  613  270
23  3  0  1  2090  2313  976  691  269
23  3  0  1  2090  2313  976  691  269
21  1  1  2  2734  1916  2227  654  196
23  0  0  0  2801  1324  2959  665  307
23  3  1  2  2219  2721  743  627  297
14  1  0  1  2692  1590  2500  707  312
16  2  2  4  2791  2276  1571  681  318
21  0  2  4  2698  1004  3036  806  133
16  3  2  5  2574  2682  1014  658  275
16  3  3  6  2612  2736  1174  762  306
21  1  1  2  2822  1504  2841  697  259
20  1  0  0  2776  1629  2511  737  312
23  2  2  5  2459  2183  1448  586  337
20  2  0  0  2747  2157  1774  695  152
14  1  0  1  2570  1707  2184  697  225
14  1  3  6  2562  1712  2334  786  207
21  1  3  6  2875  1651  2622  787  335
23  1  3  7  2535  1275  2530  666  341
20  1  0  0  2727  1884  2161  703  258
15  2  1  2  2842  2143  1949  673  336
15  2  3  7  2808  2159  2112  682  317
15  1  0  0  2614  1882  2036  762  200
20  1  0  1  2732  1493  2588  797  229
23  2  2  4  2256  1997  1334  659  150
23  1  0  0  2618  1343  2653  649  230
23  1  3  7  2455  1261  2420  655  269
16  2  2  4  2690  2357  1341  683  226
14  0  2  4  2733  1122  2925  821  145
21  1  2  4  2728  1608  2410  708  193
14  1  2  4  2576  1749  2286  753  213
23  1  0  1  2546  1586  2283  675  173
22  3  3  7  2504  2756  1040  638  272
14  1  3  6  2664  1775  2420  754  318
23  1  3  7  2451  1310  2363  645  251
16  1  0  0  2767  1718  2597  724  329
20  1  2  4  2698  1575  2525  712  204
16  2  2  4  2747  2195  1584  688  279
23  2  0  1  2423  1967  1706  657  288
21  1  0  0  2687  1839  2173  653  157
15  0  1  3  2690  1084  2994  797  172
14  0  1  2  2891  1316  2789  748  309
14  1  1  3  2611  1632  2298  714  252
23  3  0  1  2106  2190  1130  637  222
16  3  0  1  2438  2918  844  713  177
23  2  3  7  2392  1958  1588  641  325
23  2  1  3  2240  2089  1263  660  183
15  1  3  7  2789  1903  2516  722  357
16  1  1  3  2656  1936  2104  715  206
20  0  1  3  2630  993  3064  874  112
15  2  1  3  2840  1998  2104  712  347
21  1  2  4  2668  1729  2175  729  152
14  3  0  0  2591  2936  866  616  372
16  2  3  6  2813  2420  1583  740  332
15  0  2  4  2839  922  3671  737  309
14  1  0  1  2670  1635  2421  725  310
15  0  3  7  2710  1151  3166  784  197
20  1  2  5  2692  1964  2114  660  236
16  0  0  0  2847  1075  3375  798  304
16  2  2  4  2734  2161  1607  688  266
20  1  1  3  2732  1727  2449  771  269
23  2  3  7  2317  1778  1673  628  235
14  0  2  5  2929  1294  3049  667  327
15  2  3  6  2784  2189  2047  669  298
15  1  2  4  2750  1801  2545  677  326
21  1  2  5  2770  1906  2142  701  261
20  0  2  4  2837  1112  3282  791  331
20  1  0  0  2742  1718  2364  729  260
23  3  1  2  2237  2255  1244  610  262
21  0  1  3  2892  839  3774  874  303
21  0  0  1  2922  1077  3438  707  341
23  1  1  2  2539  1649  2149  625  202
17  0  3  6  2695  1203  3014  785  231
15  2  1  2  2700  2329  1529  682  244
15  2  1  2  2733  1922  2024  675  197
23  2  3  7  2379  1951  1578  585  278
21  1  0  1  2609  1726  2199  772  179
23  0  3  7  2734  1036  3102  673  335
20  0  0  0  2762  1219  2966  778  259
20  1  2  5  2715  1746  2373  666  257
20  1  2  5  2688  1632  2464  710  210
23  1  3  7  2487  1312  2410  679  275
17  0  0  1  2670  913  3212  891  175
23  3  0  1  2081  2327  937  629  210
23  1  3  7  2406  1229  2383  671  183
23  0  0  0  2708  1120  3060  693  191
23  2  3  7  2360  2156  1339  660  344
14  0  1  3  2896  1020  3090  788  311
14  3  1  2  2425  2689  956  679  178
16  2  0  0  2758  2463  1618  687  282
21  1  0  1  2821  1811  2423  650  266
14  0  2  4  2802  1019  3137  823  187
23  2  3  7  2352  2165  1315  577  313
17  1  1  2  2705  1757  2321  707  260
23  3  2  4  2200  2442  946  642  177
16  3  1  2  2687  2653  1444  674  357
23  2  3  7  2242  2049  1263  639  198
23  1  0  0  2669  1430  2653  633  286
23  2  0  1  2292  2060  1389  655  189
14  3  0  1  2562  2769  993  628  319
23  3  0  0  2039  2251  956  604  182
14  3  2  4  2470  2777  1074  645  200
21  0  3  7  2754  952  3236  859  176
23  1  0  0  2630  1547  2453  625  265
16  2  2  4  2674  2324  1350  718  218
16  2  2  5  2686  2285  1412  689  232
21  0  0  0  2791  1051  3255  723  223
20  1  0  0  2767  1699  2425  735  281
16  2  3  6  2741  2335  1565  773  260
16  2  2  5  2769  2014  1820  692  255
14  3  0  1  2510  2514  1185  651  247
17  0  3  6  2636  1178  2950  800  159
23  3  0  0  2082  2336  927  599  234
20  0  3  7  2836  1017  3319  820  328
23  3  1  3  2213  2237  1217  651  209
20  1  1  3  2717  1603  2560  765  218
21  1  3  7  2673  1944  2007  786  187
23  0  0  0  2737  1360  2822  668  258
23  2  0  1  2415  2067  1582  646  316
20  1  0  1  2713  1480  2572  793  203
20  0  1  2  2815  981  3369  857  306
16  3  2  4  2550  2723  939  681  290
23  1  0  0  2665  1529  2529  649  331
23  0  0  1  2814  888  3479  762  267
16  0  3  7  2695  1202  2786  788  172
16  3  3  6  2509  2887  872  733  262
23  2  1  2  2420  1991  1642  629  339
16  3  3  6  2509  2789  971  748  234
14  3  0  0  2505  2378  1312  657  214
22  0  0  1  2878  884  3334  827  280
14  1  3  6  2698  1486  2805  766  342
23  3  1  3  2232  2526  968  603  263
20  1  1  3  2679  1661  2445  772  171
15  1  3  7  2747  1901  2440  710  308
15  1  3  6  2706  2047  2223  677  289
23  3  2  5  2338  2434  1178  589  313
14  3  0  1  2569  2481  1295  639  278
20  0  0  1  2828  1207  3072  811  325
16  1  2  5  2636  1742  2090  722  184
23  0  3  7  2727  959  3177  679  324
21  1  3  6  2749  1735  2347  760  211
23  1  0  0  2635  1763  2228  629  288
20  0  0  1  2750  834  3377  911  249
23  1  0  1  2640  1699  2304  653  308
23  2  2  5  2430  2017  1591  610  321
23  1  3  7  2438  1252  2411  700  247
23  2  1  3  2388  2249  1318  623  352
21  1  3  6  2777  1556  2583  790  239
23  3  1  3  2138  2532  809  706  196
23  3  0  0  2177  2352  1064  556  326
16  3  2  5  2563  2599  1088  673  257
20  0  1  2  2849  968  3432  838  333
15  0  0  0  2875  1100  3245  814  360
16  1  3  6  2766  1420  2713  834  291
20  0  0  1  2823  985  3322  842  277
23  3  2  5  2340  2417  1200  579  332
14  0  0  1  2837  948  3194  815  247
23  2  2  4  2426  2174  1417  642  306
21  1  3  7  2782  1888  2239  761  275
23  2  0  1  2433  2039  1647  649  308
23  0  3  7  2611  1041  2895  697  219
20  0  0  0  2843  1093  3231  801  333
16  3  2  5  2680  2553  1308  659  358
20  0  1  2  2826  1126  3231  829  328
14  1  0  1  2628  1676  2312  699  259
20  1  1  2  2728  1611  2561  783  224
23  0  0  1  2827  1085  3267  741  305
23  2  2  5  2401  1958  1601  601  263
23  3  1  3  2185  2522  892  607  193
20  1  3  7  2703  1689  2337  742  225
14  1  0  0  2731  1577  2583  679  348
20  1  0  0  2786  1776  2367  738  334
23  1  1  3  2582  1367  2517  670  250
16  3  2  4  2567  2682  1004  677  291
23  3  2  4  2248  2657  817  641  293
15  1  2  5  2730  1815  2495  679  305
23  0  1  3  2688  806  3275  782  200
16  2  3  6  2823  2211  1810  748  297
23  3  0  1  2014  2376  786  706  200
14  0  2  5  2779  1281  2829  712  193
21  0  1  3  2749  1074  3251  872  193
20  0  0  0  2719  1097  3039  825  230
20  0  1  2  2661  1241  2860  854  182
20  0  0  1  2812  1042  3252  854  314
14  0  0  0  2974  1039  3299  734  336
16  1  2  5  2587  1808  1936  718  153
23  1  0  0  2675  1593  2477  615  341
23  1  1  2  2711  1582  2479  646  354
23  0  3  7  2608  966  2981  688  200
23  3  1  2  2203  2677  773  635  304
23  1  2  4  2586  1313  2541  718  238
20  0  1  3  2801  993  3329  893  318
23  3  2  5  2307  2287  1281  590  275
16  3  0  1  2493  2935  904  713  256
23  2  1  2  2393  2114  1468  613  329
20  1  3  7  2727  1675  2405  741  283
20  0  3  6  2855  1199  3152  694  341
23  3  0  1  2115  2454  850  658  330
23  0  3  7  2570  1128  2750  692  196
23  1  1  3  2640  1513  2449  666  318
20  1  0  1  2715  1871  2152  773  267
15  2  0  1  2792  2249  1771  683  310
23  2  3  7  2372  1986  1538  612  312
16  1  3  6  2666  1764  2204  800  221
20  1  0  1  2779  1892  2228  769  325
20  1  3  7  2745  1450  2673  778  263
23  2  3  7  2397  1813  1761  612  303
15  1  1  2  2639  1533  2463  755  189
16  3  2  5  2455  2681  846  699  183
16  1  0  0  2692  1754  2434  725  223
23  2  2  5  2379  1767  1767  617  227
21  1  0  1  2785  1953  2209  658  279
15  1  2  5  2689  1926  2288  661  269
23  0  0  0  2819  1045  3299  691  321
23  0  1  2  2788  1370  2819  668  330
23  1  1  2  2625  1677  2249  652  302
14  1  1  2  2662  1808  2204  689  298
15  1  2  5  2668  1812  2392  664  226
16  2  3  6  2844  2331  1714  747  330
23  2  1  3  2405  2113  1480  617  348
16  0  1  3  2832  854  3430  835  316
20  0  1  3  2772  1460  2810  788  299
16  3  3  7  2567  2878  974  696  315
16  2  2  4  2826  2256  1641  708  350
16  3  3  6  2655  2759  1214  720  353
21  1  2  4  2835  1674  2492  719  304
14  1  2  4  2522  1808  2155  735  159
21  1  2  5  2848  1950  2216  708  337
15  2  3  7  2814  2271  2003  674  308
23  2  2  4  2459  1980  1662  634  311
20  0  1  3  2741  1257  2967  818  242
23  2  1  2  2388  2260  1299  614  339
23  3  1  2  2131  2510  814  636  180
23  1  1  2  2549  1322  2510  689  186
23  3  0  1  2162  2406  991  645  346
21  0  2  4  2838  1372  2849  750  295
21  1  3  7  2883  1585  2710  764  326
16  2  0  1  2773  1972  2146  712  209
16  2  3  7  2733  2388  1495  725  273
20  1  0  1  2738  1544  2541  803  261
21  1  1  3  2746  1476  2762  819  199
23  3  0  0  2119  2155  1175  627  258
21  1  3  6  2890  1622  2690  767  322
22  1  3  6  2725  1686  2377  655  237
14  0  1  2  2836  1091  2929  775  256
23  2  3  7  2347  1963  1519  622  300
21  0  2  4  2807  973  3243  792  238
23  3  2  5  2288  2407  1126  596  278
17  0  0  0  2675  862  3272  791  161
23  2  3  7  2367  1971  1545  599  276
23  3  0  0  2040  2274  932  622  212
15  2  1  2  2816  2002  2053  694  307
17  0  1  3  2743  1103  3330  745  305
21  1  0  0  2751  1887  2234  652  203
15  1  3  6  2669  1967  2256  695  256
14  0  1  2  2730  970  2902  809  148
23  2  0  1  2437  2021  1670  637  305
23  3  1  3  2229  2322  1156  601  251
16  2  2  5  2699  1853  1891  723  169
16  1  0  1  2714  1447  2797  772  234
21  0  3  6  2908  1080  3330  818  333
15  0  2  4  2831  1136  3419  721  310
23  1  1  2  2550  1618  2196  658  204
23  3  1  3  2122  2598  724  674  180
23  3  0  1  2057  2360  860  636  232
16  2  3  6  2833  2120  1915  767  311
23  2  2  5  2379  2078  1439  596  284
14  0  3  6  2950  1008  3507  875  350
21  0  1  3  2754  990  3364  850  181
14  2  2  5  2709  2023  1999  580  213
16  2  3  6  2828  2475  1554  719  326
23  3  2  5  2307  2566  1000  564  318
16  1  1  3  2705  1894  2210  750  293
15  0  1  2  2833  1207  3078  753  325
16  0  0  0  2758  918  3400  864  242
17  0  2  4  2774  1437  2872  656  279
23  2  0  1  2424  2125  1535  643  343
23  2  1  3  2360  1960  1558  630  244
21  1  1  3  2785  1589  2685  794  222
15  2  2  4  2706  2251  1792  620  257
15  1  3  7  2702  1985  2265  748  308
16  3  0  0  2679  2623  1525  654  363
14  3  0  0  2622  2761  1093  592  363
23  2  1  3  2329  2164  1314  626  249
23  3  1  2  2288  2416  1155  599  306
21  0  2  4  2914  1425  2922  733  323
14  0  2  5  2829  948  3253  712  222
16  2  3  6  2723  2483  1391  728  248
21  1  1  2  2696  1710  2348  678  128
23  2  3  7  2407  1893  1694  628  316
23  3  2  5  2248  2407  1064  569  215
23  2  1  3  2273  1927  1474  639  176
23  1  0  0  2674  1656  2405  603  331
15  1  2  4  2746  1741  2600  660  285
14  1  2  4  2644  1831  2316  724  294
21  0  2  5  2802  1333  2839  789  260
14  2  3  6  2783  2021  2101  746  289
23  2  2  4  2423  2108  1479  635  309
15  2  1  2  2772  2450  1522  661  324
16  2  3  7  2810  2258  1741  702  292
16  3  2  5  2548  2816  844  709  313
16  2  0  0  2796  2442  1690  660  312
23  3  2  4  2185  2609  774  690  186
23  3  2  4  2280  2621  897  627  292
14  0  1  3  2720  1323  2533  731  131
17  0  3  6  2759  996  3341  836  264
23  2  3  7  2292  1864  1539  644  218
14  1  3  6  2667  1529  2718  795  304
15  2  3  7  2762  2142  2065  692  256
22  2  0  1  2847  2427  2082  637  258
15  2  1  3  2783  1936  2090  710  258
16  3  1  3  2562  2541  1368  677  252
16  0  0  0  2698  1318  2872  756  181
21  1  0  1  2800  1831  2374  639  230
14  3  1  3  2577  2790  1080  618  350
23  1  2  4  2657  1523  2425  699  309
17  0  1  3  2805  986  3548  739  333
23  0  3  7  2575  1206  2664  667  181
14  3  0  1  2539  2661  1073  627  268
20  1  2  5  2710  1865  2243  649  243
23  2  2  5  2306  2030  1378  600  172
20  0  1  3  2738  846  3391  860  214
