21  0  1  3  2316  778  2901  937  337
15  0  0  0  2158  878  2373  945  249
14  1  1  2  2068  1321  1788  862  292
15  0  1  3  2267  734  2735  916  348
16  0  3  7  2175  1042  2176  862  263
20  0  1  2  2163  958  2375  998  272
15  0  3  7  2258  1128  2464  844  354
21  1  0  1  2267  1417  1990  732  309
23  0  3  7  2127  968  2241  795  323
21  0  0  1  2153  737  2589  872  217
15  0  0  1  2213  796  2535  935  306
21  0  1  3  2266  873  2685  956  319
16  0  2  4  2305  719  2682  907  369
16  3  2  4  1986  2150  707  837  307
21  1  0  1  2285  1420  2009  732  349
23  0  2  5  2199  714  2605  804  280
17  0  3  6  2161  931  2453  922  267
14  1  1  2  1981  1477  1507  829  195
15  0  0  1  2199  1043  2260  877  282
21  0  1  2  2092  825  2465  902  154
14  1  2  5  2105  1430  1873  754  337
21  0  2  5  2248  1074  2268  846  313
16  2  3  7  2254  1616  1596  777  296
23  0  0  1  2257  682  2820  888  310
16  3  3  6  2037  2113  936  864  308
15  0  0  1  2229  723  2647  970  327
15  0  3  7  2250  1105  2474  870  337
21  0  1  3  2255  880  2678  969  300
16  1  1  2  2200  1307  2033  839  317
21  0  3  7  2133  881  2358  942  210
15  0  0  1  2107  860  2324  951  194
16  1  0  1  2137  1256  2079  883  258
14  0  2  4  2301  979  2435  874  320
16  2  2  4  2195  1703  1323  817  343
20  1  3  6  2120  1120  2074  810  229
15  2  2  5  2216  1608  1731  761  320
20  0  3  7  2176  870  2453  919  250
14  0  1  3  2112  922  2070  872  172
14  0  1  2  2274  719  2515  950  295
17  0  0  1  2178  1003  2336  916  269
16  0  1  3  2145  1019  2207  879  250
14  3  0  1  1954  2048  827  748  267
14  1  2  4  2051  1407  1815  829  241
20  0  2  5  2182  845  2528  852  262
15  1  1  2  2206  1120  2235  886  332
16  0  0  0  2251  1094  2393  846  323
16  2  3  6  2290  1647  1621  868  348
15  0  1  3  2177  708  2623  920  290
