16  3  1  3  2280  2497  986  702  331
14  1  1  2  2306  1301  2150  780  276
21  1  0  1  2384  1392  2188  767  221
21  1  2  5  2473  1609  2012  768  330
16  0  1  3  2480  904  2837  845  326
15  1  0  0  2309  1598  1868  814  245
15  0  3  7  2455  942  2986  838  304
15  1  3  7  2266  1331  2279  875  202
21  0  1  3  2448  1169  2658  840  305
16  0  3  7  2534  775  3002  845  364
21  0  0  1  2518  770  3136  814  347
16  1  1  3  2382  1247  2380  815  269
15  2  2  4  2388  1746  1851  691  261
21  1  3  7  2470  1749  1902  818  348
14  1  1  2  2343  1519  1993  755  296
14  3  0  1  2240  2526  758  707  375
20  0  1  3  2450  752  3034  916  308
21  1  0  1  2459  1342  2367  714  286
21  0  2  4  2420  1122  2491  842  268
15  0  1  2  2415  1060  2584  805  294
14  1  0  1  2292  1511  1960  743  274
14  1  2  4  2378  1466  2249  756  344
21  1  3  7  2390  1386  2179  844  253
15  0  3  6  2416  1207  2625  819  286
16  0  1  2  2486  805  2944  878  332
15  0  2  4  2376  762  3082  800  234
20  0  3  6  2451  1160  2565  728  316
21  0  0  1  2491  932  2908  774  274
20  1  1  3  2479  1381  2412  817  342
14  3  1  2  2191  2550  750  720  358
15  1  0  1  2306  1563  1901  808  241
21  0  3  6  2485  784  3002  952  291
16  0  0  1  2442  808  3024  865  304
14  0  3  6  2470  857  2925  931  260
23  0  2  5  2287  992  2425  720  187
21  0  3  6  2513  1129  2666  901  334
21  1  2  5  2505  1320  2376  781  328
21  1  1  2  2449  1279  2505  750  264
16  0  3  6  2454  923  2702  900  320
15  0  0  0  2480  1039  2694  887  352
16  3  0  0  2319  2391  1205  718  364
21  1  3  7  2338  1509  1966  862  231
15  1  0  1  2214  1294  2038  898  134
15  2  2  4  2221  1976  1323  701  176
20  0  2  4  2341  813  2817  907  187
20  1  1  3  2387  1775  1879  820  288
21  0  3  7  2407  973  2673  869  233
20  1  0  0  2405  1631  1935  790  333
20  0  1  2  2385  814  2865  956  248
20  1  3  6  2300  1640  1779  735  267
15  0  0  0  2483  860  2903  913  350
15  1  1  3  2365  1425  2141  784  284
20  0  1  3  2377  808  2862  964  244
21  0  3  6  2501  990  2795  980  326
14  0  3  6  2491  916  2892  995  295
15  0  0  0  2400  1235  2365  814  283
21  0  3  7  2509  940  2863  878  310
16  2  3  6  2364  1709  1663  845  226
15  1  2  4  2316  1373  2296  770  272
14  2  2  5  2304  1807  1616  669  233
14  2  2  4  2398  1905  1661  757  342
14  1  2  5  2382  1491  2249  669  347
16  3  1  2  2147  2390  885  766  231
16  0  0  0  2499  908  3001  866  347
14  0  2  4  2440  767  2862  910  240
14  0  0  0  2575  838  2920  840  325
14  0  1  2  2418  831  2598  885  211
14  1  1  3  2396  1384  2223  715  345
21  0  3  6  2531  1070  2765  890  332
20  1  0  1  2434  1357  2280  852  304
14  2  3  6  2438  1782  1836  768  313
15  1  2  4  2433  1228  2660  719  299
21  1  2  5  2423  1351  2214  809  262
21  0  3  6  2495  1214  2545  890  324
14  3  0  0  2164  2355  823  681  250
22  0  0  0  2352  1118  2437  860  225
14  1  3  6  2223  1359  2172  833  242
17  0  1  3  2378  962  2880  782  293
17  0  1  3  2338  1227  2516  772  288
16  2  3  7  2359  1773  1591  756  200
15  0  0  1  2482  802  2959  874  337
14  0  1  3  2473  810  2699  867  265
15  0  3  6  2494  1120  2846  788  350
16  1  3  6  2446  1347  2300  886  346
20  0  1  3  2351  757  2874  961  226
20  0  0  1  2323  871  2673  913  184
23  1  0  1  2214  1375  1982  763  203
23  0  3  7  2411  714  2967  735  332
20  0  3  6  2427  1089  2599  766  299
20  2  3  6  2477  1809  1761  690  264
14  0  2  4  2534  1217  2542  794  327
16  1  1  3  2206  1323  2031  840  159
16  0  0  0  2420  1036  2730  811  260
21  1  1  2  2389  1336  2332  740  217
15  1  2  4  2365  1571  2162  756  314
17  1  1  3  2312  1545  1986  765  133
20  0  0  0  2439  731  3002  923  307
15  1  1  3  2450  1236  2493  810  342
14  3  0  0  2203  2417  813  681  338
21  0  2  4  2489  875  2868  857  301
15  0  1  2  2317  710  2841  891  185
14  0  3  6  2468  1169  2543  905  283
17  0  3  6  2420  853  2958  856  287
15  0  1  2  2451  765  2972  824  298
21  1  2  5  2421  1316  2244  838  274
15  1  3  7  2312  1496  2183  828  251
14  0  1  2  2529  875  2718  850  331
16  0  0  0  2342  788  2888  912  192
14  1  2  5  2242  1290  2231  715  240
15  1  3  6  2287  1640  1984  776  239
21  1  3  6  2472  1724  1940  816  337
16  1  3  7  2400  1308  2269  785  283
16  2  0  1  2310  1924  1395  758  236
21  0  3  6  2405  1107  2515  916  252
16  0  0  0  2487  956  2933  834  323
17  0  1  3  2370  763  3090  842  305
21  0  1  2  2493  943  2990  810  325
21  0  2  5  2430  1023  2614  894  236
15  1  1  3  2366  1223  2357  823  259
16  3  3  7  2209  2451  859  784  296
21  1  2  4  2472  1478  2157  773  302
14  1  1  2  2239  1521  1856  797  238
21  0  0  0  2451  801  2994  824  269
23  3  0  0  1772  1782  1006  678  192
14  0  1  3  2555  885  2742  816  336
16  0  0  1  2518  1050  2869  851  348
16  1  2  4  2414  1406  2113  782  314
21  0  0  1  2444  912  2862  770  245
17  0  2  4  2332  835  2835  810  203
20  1  0  0  2378  1395  2145  818  248
16  1  2  5  2373  1290  2185  794  276
15  1  0  1  2428  1395  2267  824  354
14  0  0  1  2520  1230  2442  760  327
15  1  0  0  2283  1688  1738  821  236
17  0  0  1  2457  762  3038  918  317
21  0  0  0  2501  1154  2688  748  307
17  0  1  3  2442  1057  2881  782  330
15  1  0  1  2299  1499  1955  865  235
14  1  0  0  2206  1294  2071  792  218
16  2  1  2  2352  1910  1513  778  200
20  1  2  5  2330  1215  2346  780  210
15  1  0  1  2348  1503  2027  820  270
14  3  1  3  2084  2359  772  728  205
20  0  2  5  2434  1169  2579  757  310
15  1  3  6  2428  1563  2287  738  345
17  1  3  6  2467  1718  1940  813  285
