 0.177736   9.47051 
   1.2463   8.70345 
  2.09618   8.15508 
  2.82644   7.72632 
  3.48237   7.37191 
  4.08679   7.06899 
  4.65234   6.80495 
  5.18896   6.56984 
  5.70181    6.3585 
  6.19512   6.16668 
  6.67148   5.99184 
   7.1345   5.83033 
  7.58488   5.68146 
    8.025   5.54284 
  8.45541   5.41394 
  8.87821   5.29264 
  9.29301   5.17935 
   9.7016   5.07227 
  10.1033   4.97206 
  10.4991   4.87775 
  10.8905   4.78791 
  11.2778    4.7021 
  11.6611   4.62029 
  12.0411   4.54181 
  12.4176   4.46678 
  12.7913   4.39465 
   13.162   4.32548 
  13.5301   4.25883 
  13.8957    4.1948 
   14.259   4.13294 
    14.62   4.07344 
  14.9791   4.01586 
  15.3362   3.96033 
  15.6914   3.90657 
   16.045   3.85454 
  16.3968   3.80421 
  16.7472   3.75535 
   17.096   3.70807 
  17.4434   3.66215 
  17.7895   3.61752 
  18.1343   3.57427 
  18.4779   3.53216 
  18.8204   3.49121 
  19.1616   3.45143 
  19.5019   3.41266 
  19.8412   3.37488 
  20.1794   3.33815 
  20.5168    3.3023 
  20.8533   3.26732 
  21.1889   3.23326 
  21.5236   3.20001 
  21.8576   3.16751 
  22.1909   3.13578 
  22.5233   3.10483 
  22.8551   3.07456 
  23.1862   3.04495 
  23.5167   3.01601 
  23.8464   2.98773 
  24.1756   2.96004 
  24.5043   2.93292 
  24.8323   2.90637 
  25.1598   2.88041 
  25.4867   2.85497 
  25.8132   2.83002 
  26.1392   2.80556 
  26.4646   2.78162 
  26.7896   2.75815 
  27.1141   2.73512 
  27.4382   2.71251 
  27.7619   2.69032 
  28.0852   2.66858 
   28.408   2.64724 
  28.7305   2.62628 
  29.0526   2.60569 
  29.3743   2.58545 
  29.6957   2.56559 
  30.0167   2.54609 
  30.3374   2.52692 
  30.6578   2.50807 
  30.9778   2.48954 
  31.2975    2.4713 
   31.617   2.45339 
  31.9361   2.43579 
  32.2549   2.41846 
  32.5735   2.40141 
  32.8918   2.38462 
  33.2098   2.36809 
  33.5276   2.35183 
  33.8451   2.33584 
  34.1623   2.32009 
  34.4793   2.30458 
  34.7961    2.2893 
  35.1127   2.27424 
   35.429    2.2594 
  35.7452   2.24479 
   36.061   2.23041 
  36.3767   2.21623 
  36.6922   2.20226 
  37.0075   2.18847 
  37.3226   2.17488 
  37.6375   2.16148 
  37.9522   2.14826 
  38.2668   2.13523 
  38.5811    2.1224 
  38.8953   2.10973 
  39.2093   2.09723 
  39.5231   2.08489 
  39.8368   2.07272 
  40.1504    2.0607 
  40.4637   2.04884 
  40.7769   2.03713 
    41.09   2.02559 
  41.4029    2.0142 
  41.7156   2.00295 
  42.0283   1.99184 
  42.3407   1.98086 
  42.6531   1.97002 
  42.9653   1.95931 
  43.2774   1.94874 
  43.5894   1.93828 
  43.9012   1.92796 
  44.2129   1.91777 
  44.5245   1.90771 
  44.8359   1.89776 
  45.1473   1.88792 
  45.4585    1.8782 
  45.7696    1.8686 
  46.0806    1.8591 
  46.3915    1.8497 
  46.7023   1.84042 
   47.013   1.83124 
  47.3236   1.82216 
   47.634   1.81319 
  47.9444   1.80433 
  48.2547   1.79556 
  48.5649   1.78688 
   48.875    1.7783 
   49.185   1.76981 
  49.4949   1.76141 
  49.8047    1.7531 
  50.1144   1.74487 
  50.4241   1.73674 
  50.7336   1.72868 
  51.0431   1.72071 
  51.3525   1.71284 
  51.6618   1.70504 
   51.971   1.69733 
  52.2802   1.68969 
  52.5892   1.68213 
  52.8982   1.67464 
  53.2071   1.66723 
   53.516   1.65989 
  53.8248   1.65263 
  54.1335   1.64543 
  54.4421   1.63831 
  54.7507   1.63125 
  55.0592   1.62426 
  55.3676   1.61734 
  55.6759   1.61049 
  55.9842   1.60371 
  56.2925   1.59699 
  56.6006   1.59034 
  56.9087   1.58375 
  57.2168   1.57722 
  57.5247   1.57075 
  57.8327   1.56433 
  58.1405   1.55798 
  58.4483   1.55169 
